1688644001589 0.43666666746139526 0
1688644003013 0.46833333373069763 1
1688644004424 0.4658541679382324 2
1688644005840 0.468854159116745 3
1688644007262 0.4672708213329315 4
1688644008747 0.46652084589004517 5
1688644010326 0.4677291810512543 6
1688644011898 0.46918749809265137 7
1688644013450 0.4661041796207428 8
1688644014778 0.4647291600704193 9
1688644016195 0.46281251311302185 10
1688644017637 0.4663749933242798 11
1688644019072 0.46566668152809143 12
1688644020479 0.4650624990463257 13
1688644021886 0.46822917461395264 14
1688644023295 0.46687498688697815 15
1688644024773 0.4660416543483734 16
1688644026529 0.46266666054725647 17
1688644027989 0.46562498807907104 18
1688644029606 0.4644375145435333 19
