1688644001589 0.03578639030456543 0
1688644003013 0.022773854434490204 1
1688644004424 0.02208796702325344 2
1688644005840 0.02168244495987892 3
1688644007262 0.02146628499031067 4
1688644008747 0.021300941705703735 5
1688644010326 0.021098289638757706 6
1688644011898 0.021130725741386414 7
1688644013450 0.02104584127664566 8
1688644014778 0.02100018784403801 9
1688644016195 0.020993832498788834 10
1688644017637 0.020875556394457817 11
1688644019072 0.02091360278427601 12
1688644020479 0.020993398502469063 13
1688644021886 0.020992441102862358 14
1688644023295 0.020921027287840843 15
1688644024773 0.020954111590981483 16
1688644026529 0.02102384716272354 17
1688644027989 0.021011851727962494 18
1688644029606 0.021033918485045433 19
