1688644349529 0.437687486410141 0
1688644350955 0.4636666774749756 1
1688644352527 0.46827083826065063 2
1688644353934 0.4671458303928375 3
1688644355353 0.46956250071525574 4
1688644356773 0.46935415267944336 5
1688644358191 0.4710416793823242 6
1688644359573 0.46789583563804626 7
1688644361066 0.46816667914390564 8
1688644362628 0.4638333320617676 9
1688644364208 0.4661041796207428 10
1688644365814 0.46552082896232605 11
1688644367209 0.46554166078567505 12
1688644368635 0.46291667222976685 13
1688644370060 0.46316665410995483 14
1688644371574 0.4651874899864197 15
1688644372993 0.4647499918937683 16
1688644374394 0.4638541638851166 17
1688644375816 0.4624375104904175 18
1688644377279 0.4639166593551636 19
1688644378801 0.4658125042915344 20
1688644380314 0.4624583423137665 21
1688644381825 0.46020832657814026 22
1688644383240 0.4599166810512543 23
1688644384626 0.460875004529953 24
1688644386022 0.4579375088214874 25
1688644387398 0.4635416567325592 26
1688644388771 0.46166667342185974 27
1688644390199 0.46039584279060364 28
1688644391609 0.4624166786670685 29
1688644393044 0.46045833826065063 30
1688644394636 0.461041659116745 31
1688644396185 0.45912501215934753 32
1688644397705 0.46179166436195374 33
1688644398975 0.4586249887943268 34
1688644400270 0.4595625102519989 35
1688644401516 0.4598541557788849 36
1688644402771 0.4606874883174896 37
1688644404013 0.45758333802223206 38
1688644405285 0.45660415291786194 39
1688644406558 0.4580833315849304 40
1688644407966 0.4594583213329315 41
1688644409472 0.45772916078567505 42
1688644411068 0.4566875100135803 43
1688644412614 0.4596458375453949 44
1688644414054 0.4595625102519989 45
1688644415454 0.4595000147819519 46
1688644416848 0.4568541646003723 47
1688644418238 0.4568125009536743 48
1688644419620 0.45647916197776794 49
1688644421051 0.4570833444595337 50
1688644422456 0.4569166600704193 51
1688644423862 0.4580624997615814 52
1688644425324 0.4555625021457672 53
1688644426914 0.45481249690055847 54
1688644428631 0.4593958258628845 55
1688644430245 0.4579791724681854 56
1688644431629 0.4572708308696747 57
1688644433038 0.4586249887943268 58
1688644434451 0.45391666889190674 59
1688644435843 0.4583541750907898 60
1688644437261 0.4528333246707916 61
1688644438647 0.4557916522026062 62
1688644439988 0.45241665840148926 63
1688644441482 0.45516666769981384 64
1688644443096 0.4566875100135803 65
1688644444720 0.45645833015441895 66
1688644446220 0.45645833015441895 67
1688644447704 0.4516041576862335 68
1688644449098 0.45249998569488525 69
1688644450503 0.4547916650772095 70
1688644451890 0.4573958218097687 71
1688644453273 0.45247915387153625 72
1688644454658 0.4519791603088379 73
1688644456058 0.4542291760444641 74
1688644457581 0.4541875123977661 75
1688644459164 0.4544999897480011 76
1688644460744 0.45274999737739563 77
1688644462278 0.4515833258628845 78
1688644463682 0.45225000381469727 79
1688644465078 0.4544166624546051 80
1688644466481 0.45360416173934937 81
1688644467894 0.45481249690055847 82
1688644469292 0.453208327293396 83
1688644470676 0.4534375071525574 84
1688644472100 0.4541458189487457 85
1688644473623 0.4543333351612091 86
1688644475256 0.45637500286102295 87
1688644476822 0.45243749022483826 88
1688644478294 0.45404165983200073 89
1688644479718 0.4528958201408386 90
1688644481112 0.45235416293144226 91
1688644482523 0.4516875147819519 92
1688644483929 0.45262500643730164 93
1688644485367 0.45516666769981384 94
1688644486798 0.45089584589004517 95
1688644488234 0.4514583349227905 96
1688644489752 0.4541666805744171 97
1688644491305 0.4506874978542328 98
1688644492847 0.45212501287460327 99
