1688644349529 0.03580724820494652 0
1688644350955 0.022744931280612946 1
1688644352527 0.022005779668688774 2
1688644353934 0.02160622738301754 3
1688644355353 0.021382538601756096 4
1688644356773 0.02127094939351082 5
1688644358191 0.02110576629638672 6
1688644359573 0.021053094416856766 7
1688644361066 0.021066907793283463 8
1688644362628 0.021042196080088615 9
1688644364208 0.02103264443576336 10
1688644365814 0.02108444832265377 11
1688644367209 0.021034352481365204 12
1688644368635 0.02100956253707409 13
1688644370060 0.020990479737520218 14
1688644371574 0.0210957620292902 15
1688644372993 0.02100449986755848 16
1688644374394 0.02106557972729206 17
1688644375816 0.02111899107694626 18
1688644377279 0.021081088110804558 19
1688644378801 0.021107442677021027 20
1688644380314 0.021174976602196693 21
1688644381825 0.021177619695663452 22
1688644383240 0.0211908258497715 23
1688644384626 0.021165862679481506 24
1688644386022 0.021204929798841476 25
1688644387398 0.021150870248675346 26
1688644388771 0.021145693957805634 27
1688644390199 0.021193120628595352 28
1688644391609 0.021194888278841972 29
1688644393044 0.021222520619630814 30
1688644394636 0.021255671977996826 31
1688644396185 0.021307766437530518 32
1688644397705 0.021354209631681442 33
1688644398975 0.021375717595219612 34
1688644400270 0.021464234218001366 35
1688644401516 0.021431198343634605 36
1688644402771 0.021388137713074684 37
1688644404013 0.021424168720841408 38
1688644405285 0.02143210358917713 39
1688644406558 0.02140318602323532 40
1688644407966 0.021409660577774048 41
1688644409472 0.02139817550778389 42
1688644411068 0.021460944786667824 43
1688644412614 0.021397806704044342 44
1688644414054 0.021448899060487747 45
1688644415454 0.021429285407066345 46
1688644416848 0.02140224725008011 47
1688644418238 0.02141662687063217 48
1688644419620 0.021501312032341957 49
1688644421051 0.021431179717183113 50
1688644422456 0.02143208496272564 51
1688644423862 0.02146839164197445 52
1688644425324 0.021589521318674088 53
1688644426914 0.021625790745019913 54
1688644428631 0.021529696881771088 55
1688644430245 0.021595466881990433 56
1688644431629 0.02166782133281231 57
1688644433038 0.021722856909036636 58
1688644434451 0.0217027198523283 59
1688644435843 0.021678373217582703 60
1688644437261 0.021655648946762085 61
1688644438647 0.02168933115899563 62
1688644439988 0.021779080852866173 63
1688644441482 0.02177548035979271 64
1688644443096 0.021767666563391685 65
1688644444720 0.02173938788473606 66
1688644446220 0.021722305566072464 67
1688644447704 0.021741198375821114 68
1688644449098 0.021803736686706543 69
1688644450503 0.021792421117424965 70
1688644451890 0.02175528183579445 71
1688644453273 0.02183900773525238 72
1688644454658 0.021880164742469788 73
1688644456058 0.021802615374326706 74
1688644457581 0.021861165761947632 75
1688644459164 0.021855777129530907 76
1688644460744 0.02189515344798565 77
1688644462278 0.02194030210375786 78
1688644463682 0.021959561854600906 79
1688644465078 0.021970361471176147 80
1688644466481 0.02197522670030594 81
1688644467894 0.021927345544099808 82
1688644469292 0.02198237180709839 83
1688644470676 0.02199406921863556 84
1688644472100 0.02193383499979973 85
1688644473623 0.02193306013941765 86
1688644475256 0.021922050043940544 87
1688644476822 0.021978531032800674 88
1688644478294 0.021948382258415222 89
1688644479718 0.022030599415302277 90
1688644481112 0.02197354845702648 91
1688644482523 0.022046031430363655 92
1688644483929 0.02211555652320385 93
1688644485367 0.022031448781490326 94
1688644486798 0.02205991931259632 95
1688644488234 0.022026626393198967 96
1688644489752 0.022091668099164963 97
1688644491305 0.022131048142910004 98
1688644492847 0.02211051434278488 99
